0.6270213
1.0
1.0
0.56171936
0.87658876
1.0
0.56970745
1.0
0.71599907
0.5720958
1.0
0.91672766
0.65343213
2.5791016e-15
0.50207734
0.7785568
0.999984
0.35881564
1.0
1.0
0.7492887
0.63895154
0.6280005
0.72460496
0.99999917
0.68694496
2.0906327e-07
2.2256178e-07
0.0001652965
1.0
0.6666564
0.56171936
1.0
0.37234193
0.07257609
0.842527
0.7803724
0.85817754
0.6884671
1.0
1.0
1.0
0.69729656
6.1589006e-14
0.15813626
0.94032276
1.0
1.0
0.73635066
1.0
1.0
0.26109314
0.59465384
1.0
0.8619393
0.61102176
0.7360566
0.95502734
0.7528206
0.7327257
0.7421631
2.8693358e-12
0.9999597
0.42139268
0.72290087
0.8415636
5.024049e-20
1.0
1.0
0.56171936
0.69827205
0.56171936
0.5292898
0.5763812
0.56171936
0.76438016
0.99997604
1.0
0.5282291
1.0
0.39700505
1.0
1.0
1.7527527e-23
0.65508044
0.6331405
0.84819967
2.6133418e-20
0.68160456
1.0
0.0
0.59452254
1.0
0.70869493
0.57608193
5.0498534e-09
1.0
0.8315746
0.85381955
0.96169823
0.0
0.953255
0.31105968
0.66150093
0.6373966
0.625132
0.69898564
0.87321156
4.454322e-35
0.0069112177
0.7890115
1.0
0.85082495
0.99686724
0.7667902
1.0
0.78349924
0.6555541
0.86226296
0.18803391
0.8354107
0.94194
1.0
0.5161775
3.3793295e-09
0.7492706
0.56171936
0.12776907
1.0589856e-16
1.0
0.6733973
0.6145072
0.21884148
0.5770124
1.0
2.4072778e-33
0.7192054
0.3553525
0.64764374
0.580846
0.5439569
0.76832277
0.56171936
0.6984677
1.0
5.4156837e-05
0.0967028
0.9998636
0.62571865
0.15211223
0.9860372
1.0
0.56171936
0.70432764
0.67191446
0.56171936
0.08167233
1.0
1.0
0.79212075
0.12047438
3.7277442e-23
0.5177438
1.0
0.6020118
0.7076438
1.0
0.93633306
0.0
0.8471141
0.0
0.689738
1.0
0.6482536
0.32407764
1.0
0.56171936
1.0
0.71302456
0.66833663
0.9982672
1.0
0.8522209
0.99999976
1.0
0.69611233
1.0
0.8254217
0.6955677
0.8225923
0.15460959
0.56171936
0.806407
0.56586915
0.579829
1.0
4.7295493e-05
0.10067872
1.0
0.25813937
4.6948377e-14
0.60592777
1.0
0.77032167
0.5070314
0.67695266
6.0426137e-05
0.3336213
0.5029283
0.77383256
1.0
0.7898998
0.6698613
0.87099767
0.99992216
0.766132
0.583103
8.393072e-31
0.50081176
1.0
0.2712888
1.0
0.64409757
0.6511582
0.6096677
0.41373515
0.63045996
0.7263058
1.0
0.80960053
0.38257444
0.9172888
0.9217367
3.882385e-14
1.0
0.21720129
1.0
0.49373734
1.9869924e-16
0.120619364
0.7916954
1.0
1.0
0.8859538
0.99979967
0.56171936
0.48938432
0.8319656
5.9306456e-36
3.5358153e-10
0.025558764
0.6299341
0.5432877
0.63579965
0.6149164
0.680104
1.0
0.69563854
0.43398276
1.0
0.9231253
0.6446325
6.711774e-20
0.93755466
1.0
0.3602091
1.0
1.0
0.88138556
1.0
1.6530961e-10
0.83271056
0.653486
0.3882039
0.27900693
0.13975337
1.0
1.0
0.627772
0.49012637
0.5809914
0.32891348
0.419337
0.2754745
0.3018718
0.15366448
0.75764495
1.0
0.58354104
0.9189377
0.8396331
1.0
1.0
0.72053736
0.5935121
0.6091749
0.8544752
0.91842777
0.7409999
1.0
0.4981669
0.73907816
0.18837678
7.270521e-18
1.0
0.51412576
0.6666826
0.32882077
0.5386092
0.8014238
0.7862186
0.67822737
1.0
1.0
1.0
0.42599347
0.71066314
1.0
1.0
1.0
1.0
0.6578481
1.0
0.36979318
0.59440714
1.0
0.7872128
4.0218795e-17
0.7292927
0.0
0.87327373
0.5400191
1.0
0.57916415
1.0
1.0
1.0
0.61094964
0.5951909
0.9719311
1.0
0.9918034
0.600035
1.0563499e-33
1.0
1.0
0.21713449
1.0
2.3059076e-18
0.34967488
0.5631385
0.637272
1.0
0.64540184
1.563065e-13
0.9995746
0.23736481
0.5659827
0.9942873
1.0
1.0
0.39181072
0.99999964
0.1268573
1.0
1.0
1.0
3.0401867e-31
0.6502259
0.21316844
1.18955e-10
0.61868256
0.65311235
0.22718765
0.7727833
1.0
0.55267096
1.7300959e-28
0.76527566
0.68591183
1.0
0.70650876
0.5942333
0.9999995
0.6663013
0.7889792
1.0
0.59826714
0.56171936
1.0
0.49362183
0.024994442
0.36642832
1.0
0.21121703
0.5438474
1.0
0.7879017
0.5015372
1.0
0.5521226
0.66198605
0.27656287
0.62736744
0.39096594
0.41597018
1.0
0.60657376
0.5590313
1.0
1.0
1.0
1.0
0.5863366
0.5376937
0.50264186
0.9999281
0.031677105
0.4127824
0.6501665
0.6905748
0.73790014
0.9657519
0.40488365
7.36012e-27
0.7635463
0.74441046
1.0
0.99697435
0.07590446
0.6516294
0.80435014
0.6424708
2.5755655e-35
0.597549
1.0
0.35164994
0.0
0.4460923
2.2972438e-24
0.93050206
0.5901511
0.67555326
0.0
8.980878e-25
5.5332043e-20
1.0
0.640155
0.038232345
0.61707884
0.53195405
1.0
0.5962096
0.61928123
0.8072309
0.14477545
0.78416115
1.0
1.0
0.8381925
0.64712834
0.31157598
1.0
0.5108377
0.82171136
0.8843039
3.1666225e-06
0.92302763
0.6275323
0.7024033
0.14822711
1.0
0.5725025
1.0770758e-14
0.617733
1.0
1.0
0.6020566
3.0465123e-32
0.3010802
0.71230704
0.55898356
0.68766177
0.84385157
0.5588474
0.9336234
1.0
1.0
0.6778327
1.0
1.0
0.6260056
0.0
0.8569843
1.0
4.8272614e-16
1.0
4.852311e-10
0.8797785
1.0
0.38896292
0.60034734
1.9419255e-32
0.9999939
0.6047884
1.0
1.2641234e-11
1.0
0.56171936
0.8518605
0.56171936
1.0
1.0
0.98117846
0.6121711
0.75287217
0.20910488
0.635257
0.6764998
1.0
2.3857347e-06
0.29948497
1.0
1.27193396e-17
0.80740714
0.8033054
0.56171936
0.58361936
0.361301
0.51389176
0.7286347
1.0
0.4991694
0.74691516
0.4951022
1.0
1.0
0.7233792
1.0
0.74819565
0.56171936
1.0
1.0
0.3871873
1.9362485e-13
0.7421054
0.84742284
0.0
0.6344292
0.39661628
1.0
7.683371e-38
0.56171936
0.61281925
0.5075682
0.4099071
1.0
1.0
8.027181e-13
1.0040508e-17
0.74781865
1.0
1.0
0.7854856
0.87117827
0.8719551
0.33878025
0.5429955
0.3448653
0.26558897
0.91940165
0.32390523
0.57420886
0.7240848
0.61238825
0.9981025
0.12894583
0.6349047
0.8307536
0.56171936
0.9482653
7.763635e-21
0.0
1.0
0.0
0.32525364
0.68806285
7.9659764e-16
0.6354554
0.56171936
0.23673917
0.6824717
1.442149e-23
0.742032
0.70045877
1.0
0.45312145
0.6950262
1.0
1.0
1.0
0.56171936
0.99978524
1.2346535e-08
1.0
0.5945707
0.9992867
1.0
0.7513527
0.94059247
0.9776945
1.0
0.33801365
0.51635194
1.0
1.0
1.0
0.0
0.0027153469
0.32019976
1.0
1.0
2.0911537e-09
1.0
0.4930485
1.0
3.888681e-12
0.7927176
0.54916507
0.9999995
0.7961683
0.5081966
0.60589397
0.5833146
8.48929e-15
0.51732534
0.56171936
1.0
0.91866684
0.69618195
0.59937114
0.8827987
1.0
1.0
1.0
0.6790859
0.6310495
1.0
0.56171936
2.8514222e-10
0.99999714
0.23051058
0.59692055
1.0
0.99957234
1.0
0.9999999
0.0
0.6762239
1.0
0.33880076
0.56171936
0.9999974
0.1065271
1.0
1.0
0.6402727
0.00019493113
0.96523106
1.0
0.56171936
0.60121834
0.99936026
1.0
0.9921556
0.7134465
1.0
0.5616433
0.42138207
2.8478007e-07
0.45299911
0.12296272
0.9048286
0.16305384
0.9999995
1.0
0.42453653
0.6935222
0.999998
0.72128725
0.4814699
0.6232487
0.6693655
1.0
1.0
0.9999671
0.90337867
1.0
0.64821094
1.0
0.9994035
0.28124008
1.0
1.0
0.56171936
0.7176271
3.283909e-13
0.7413808
0.8264202
0.7970645
0.56171936
0.7352405
0.2687649
0.4984668
0.72776836
5.216666e-24
0.8607889
0.99892265
0.54009557
0.6532016
0.9517031
0.62240595
0.59218913
0.8743871
0.39095902
0.56171936
0.05326398
1.0
1.52585715e-33
0.6784001
0.56171936
1.0
0.018074704
0.77241224
0.56171936
0.26835653
0.56171936
0.121399574
0.74286836
0.99998856
0.59040534
1.7702431e-16
0.9095659
1.0
0.99615955
0.49570635
1.0
4.4356595e-05
5.483161e-10
1.0
0.6344178
0.6104697
0.35991606
1.0102025e-06
0.675456
1.0
0.7563232
0.9726721
0.0015643054
1.0
0.4958211
0.23396897
1.0
0.993753
0.90284526
0.10760184
1.0
0.6756383
1.0
0.76294476
0.7445897
0.86218303
3.885175e-34
0.0003736216
0.6039194
1.0
0.7364659
1.0
1.0
0.86411554
0.95503074
0.7334035
0.56171936
0.62169516
0.69738996
0.9999995
1.0
1.0
1.0
1.0
0.32415265
1.0
0.6761192
3.9613496e-08
0.80052775
0.30770144
0.0
6.7812566e-21
0.741895
0.4463959
0.1849572
0.54154915
1.0
0.32861528
0.5531518
0.82513535
0.8133308
6.830264e-16
0.57338804
1.0
0.6010353
0.5002591
0.7746753
0.6401815
0.9999839
2.065397e-05
0.44356963
0.26567858
7.455098e-33
0.56171936
0.73808193
0.39950553
0.46877402
1.0
3.6505686e-24
0.8685111
0.4484847
0.8212967
0.25327536
0.59566647
0.56171936
1.0
0.9877856
1.0
0.75342715
0.9996624
1.0
1.0
0.02585631
1.0
0.513777
0.7478995
1.0
0.43322062
0.62444603
0.56171936
0.7422983
1.0
0.9999999
0.56171936
0.618956
0.9994616
0.60437804
0.7855434
0.2227102
0.29440582
1.4141946e-10
0.75646263
1.0
0.4551409
0.36202615
1.0
1.0
0.76786864
1.0
0.9790187
0.56171936
0.7268729
0.6730908
0.6119557
1.0
0.6834977
0.56171936
0.45395142
0.6460525
0.30136216
0.72106516
0.0
0.56171936
3.19412e-31
0.7063136
0.56171936
1.0
1.0
1.0
1.0
0.8407027
0.74286455
0.6560468
0.69216084
1.0
1.0
0.56171936
0.9999671
1.0
0.6321608
0.5167144
0.813732
0.52177674
7.611479e-26
1.0
1.0
0.17645559
1.0
3.5052068e-30
1.0
0.7067789
0.03112237
1.0
5.9413108e-21
0.9999404
0.6516311
0.2956326
1.0
0.99999976
0.7024253
0.7170594
3.1637028e-05
0.6583933
0.07127517
0.59702903
0.56309164
0.99999964
0.9971246
0.56171936
9.1717396e-08
2.7499572e-11
0.7500049
0.3497471
0.6392618
1.0
0.89015424
0.00043457083
0.22767605
1.3545407e-31
1.0
0.56171936
0.7350627
0.5387267
0.19353305
7.388982e-07
0.8471444
0.70092344
0.99993527
0.08630099
8.121395e-14
0.59556645
0.9988493
0.56171936
0.99999833
1.0
0.73066866
0.7673623
0.8982543
0.7342096
0.5548482
0.582737
0.6405342
1.0
0.72366345
1.0
0.5182137
1.0
0.789913
0.56171936
0.50503093
0.8996665
0.61776435
0.56171936
0.35960507
4.939207e-25
1.0
2.3477536e-14
0.6267143
0.8251309
0.9516176
0.49519405
0.7514266
0.73722804
1.0
0.764209
1.0
0.8964512
0.5761065
0.3042307
0.0
2.3735477e-11
0.028971996
1.0
0.65052
0.8331513
0.9990927
0.17072783
1.0
0.6896316
0.10105479
0.023996042
0.56171936
5.1465653e-28
1.0
